630 630 21 21
0 0 0 0 0 0 0 0 1 0 0 0 0 0 0 0 0 0 0 0 0 
0 1 0 0 0 0 0 0 1 1 1 1 1 1 1 0 0 0 0 0 0 
0 1 0 0 1 1 1 1 1 0 0 0 0 0 0 0 0 0 0 0 0 
0 1 0 0 0 0 1 0 1 0 0 0 1 0 0 1 1 1 1 1 1 
0 1 1 1 0 0 1 0 1 0 0 0 1 0 0 0 0 0 0 0 0 
0 0 0 0 0 0 1 0 1 0 0 0 1 0 0 0 0 1 0 0 0 
0 0 0 0 0 0 1 0 1 0 0 0 1 0 0 0 0 1 0 0 0 
1 1 1 1 0 0 0 0 1 1 1 1 1 1 1 1 1 1 0 0 0 
0 0 1 1 1 1 0 0 1 0 1 0 0 0 0 0 0 0 0 0 0 
0 0 0 0 1 0 0 0 1 0 1 0 0 0 1 1 1 1 0 0 0 
0 0 0 0 1 0 0 0 1 0 1 1 1 1 1 0 0 0 0 0 0 
1 0 1 0 1 0 0 0 1 0 0 0 0 1 1 0 0 0 0 0 0 
1 0 1 0 0 0 0 0 1 0 0 0 0 1 1 0 1 1 1 0 0 
1 0 1 0 0 0 1 1 1 0 0 1 1 1 1 0 1 0 0 0 0 
<<<<<<< HEAD
1 0 1 1 1 1 1 0 0 0 0 0 0 0 1 0 1 0 0 0 0 
1 0 0 0 0 0 0 0 0 0 0 0 0 0 0 0 1 0 0 0 0 
1 1 1 1 1 1 1 1 1 1 1 1 1 0 0 0 1 0 0 0 0 
0 0 0 0 0 0 0 0 0 0 0 0 0 0 0 0 1 1 1 1 1 
=======
1 0 1 1 1 1 1 0 0 0 0 0 1 0 1 0 1 0 0 0 0 
1 0 0 0 0 0 0 0 0 0 0 0 0 0 1 0 1 0 0 0 0 
1 1 1 1 1 1 1 1 1 1 1 1 1 0 1 0 1 0 0 0 0 
0 0 0 0 0 0 0 0 0 0 0 0 0 0 1 0 1 1 1 1 1 
>>>>>>> 9adccb42f927415890ec6c84a72aaf36f832b378
0 0 1 1 1 1 1 1 1 1 1 1 1 1 1 0 0 0 0 0 0 
0 0 0 0 0 0 0 0 0 0 0 0 0 0 0 0 0 1 1 0 0 
1 1 1 1 1 1 1 1 1 1 1 1 1 1 1 1 1 1 1 0 0 
